0 13948
10 11648
20 11584
30 11543
40 11923
50 12036
60 11537
70 11546
80 12065
90 11532
100 11437
110 11469
120 11458
130 11368
140 11176
150 11139
160 10924
170 11127
180 11478
190 11075
200 11290
210 11061
220 10995
230 11086
240 11011
250 10974
260 11119
270 11137
280 11264
290 11125
300 11020
310 10970
320 11000
330 11056
340 11009
350 11032
360 10969
370 11086
380 11033
390 11058
400 10968
410 11075
420 11052
430 10958
440 11067
450 11041
460 11029
470 11066
480 11128
490 11109
500 11101
510 11220
520 11120
530 11208
540 11249
550 11214
560 11045
570 11246
580 11173
590 11095
600 11238
610 11273
620 11250
630 11826
640 11175
650 11252
660 11313
670 11179
680 11195
690 11339
700 11319
710 11167
720 11165
730 11348
740 11221
750 11233
760 11262
770 11288
780 11360
790 11292
800 11209
810 11278
820 11329
830 11132
840 11110
850 11120
860 11109
870 11157
880 11135
890 11138
900 11112
910 11153
920 11144
930 11130
940 11150
950 11299
960 11149
970 11142
980 11191
990 11144
1000 11138
