0 354
10 348
20 358
30 358
40 376
50 376
60 377
70 387
80 391
90 395
100 393
110 410
120 411
130 432
140 399
150 398
160 371
170 370
180 372
190 396
200 378
210 412
220 371
230 382
240 369
250 417
260 376
270 364
280 423
290 401
300 372
310 377
320 390
330 389
340 393
350 420
360 397
370 408
380 399
390 418
400 410
410 412
420 416
430 411
440 421
450 534
460 419
470 436
480 450
490 432
500 470
510 471
520 436
530 462
540 464
550 462
560 464
570 458
580 469
590 469
600 480
610 485
620 465
630 497
640 479
650 486
660 486
670 503
680 493
690 493
700 534
710 500
720 516
730 511
740 497
750 549
760 508
770 528
780 503
790 546
800 517
810 514
820 542
830 522
840 526
850 544
860 532
870 530
880 535
890 552
900 540
910 544
920 552
930 548
940 568
950 546
960 554
970 547
980 560
990 558
1000 557
