0 14222
1000 14879
2000 14661
3000 14690
4000 15015
5000 15263
6000 15481
7000 15689
8000 15899
9000 16134
10000 16320
11000 16486
12000 16681
13000 16855
14000 17031
15000 17198
16000 17360
17000 17507
18000 17668
19000 17813
20000 17956
21000 18088
22000 18248
23000 18355
24000 18468
25000 18599
26000 18727
27000 18872
28000 19032
29000 19184
30000 19314
31000 19498
32000 19617
33000 19812
34000 19954
35000 20096
36000 20242
37000 20384
38000 20485
39000 20617
40000 20744
41000 20898
42000 20985
43000 21069
44000 21399
45000 21315
46000 21440
47000 21519
48000 21656
49000 21728
50000 21949
51000 22100
52000 22194
53000 22298
54000 22350
55000 22449
56000 22589
57000 22787
58000 22864
59000 22969
60000 23093
61000 23255
62000 23387
63000 23527
64000 23718
65000 23821
66000 23951
67000 24125
68000 24263
69000 24394
70000 24556
71000 24710
72000 24844
73000 24924
74000 25072
75000 25156
76000 25308
77000 25432
78000 25558
79000 25625
80000 25795
81000 25876
82000 25993
83000 26040
84000 26194
85000 26308
86000 26413
87000 26518
88000 26605
89000 26627
90000 26740
91000 26881
92000 26942
93000 27035
94000 27230
95000 27367
96000 27365
97000 27491
98000 27619
99000 27648
100000 27745
101000 27861
102000 27956
103000 27968
104000 28141
105000 28240
106000 28392
107000 28502
108000 28615
109000 28633
110000 28836
111000 28808
112000 28993
113000 28952
114000 29141
115000 29256
116000 29364
117000 29472
118000 29541
119000 29591
120000 29847
121000 29877
122000 30040
123000 30163
124000 30258
125000 30461
126000 30539
127000 30665
128000 30870
129000 30930
130000 31091
131000 31273
132000 31339
133000 31575
134000 31749
135000 31800
136000 31969
137000 32068
138000 32162
139000 32315
140000 32446
141000 32663
142000 32803
143000 32941
144000 33138
145000 33107
146000 33379
147000 33576
148000 33643
149000 33717
150000 33803
151000 33956
152000 34109
153000 34248
154000 34340
155000 34606
156000 34798
157000 34589
158000 34794
159000 35002
160000 35048
161000 35206
162000 35079
163000 35356
164000 35381
165000 35584
166000 35779
167000 35696
168000 35729
169000 35855
170000 35963
171000 36075
172000 36927
173000 36280
174000 36421
175000 37311
176000 37363
177000 37301
178000 37493
179000 37555
180000 37599
181000 37786
182000 37230
183000 37884
184000 37987
185000 38112
186000 38220
187000 38230
188000 38301
189000 38381
190000 38460
191000 38617
192000 38704
193000 38828
194000 38960
195000 39063
196000 39023
197000 39173
198000 39207
199000 39304
200000 39398
201000 39551
202000 39508
203000 39684
204000 39802
205000 39846
206000 39914
207000 40019
208000 40055
209000 40117
210000 40301
211000 40346
212000 40460
213000 40580
214000 40672
215000 40637
216000 40809
217000 40829
218000 40915
219000 41091
220000 41185
221000 41158
222000 41316
223000 41401
224000 41494
225000 41551
226000 41609
227000 41672
228000 41746
229000 41914
230000 41939
231000 42073
232000 42225
233000 42333
234000 42286
235000 42487
236000 42448
237000 42531
238000 42663
239000 42758
240000 42780
241000 42879
242000 43011
243000 43089
244000 43176
245000 43222
246000 43302
247000 43338
248000 43512
249000 43580
250000 43677
251000 43781
252000 43904
253000 43887
254000 44034
255000 44102
256000 44122
257000 44285
258000 44396
259000 44427
260000 44511
261000 44631
262000 44706
263000 44785
264000 44878
265000 44972
266000 45017
267000 45199
268000 45236
269000 45519
270000 45584
271000 45717
272000 45713
273000 45892
274000 45991
275000 46037
276000 46190
277000 46340
278000 46242
279000 46492
280000 46767
281000 46809
282000 46914
283000 47059
284000 47098
285000 47189
286000 47490
287000 47413
288000 47655
289000 47901
290000 48077
291000 48077
292000 48336
293000 48303
294000 48411
295000 48656
296000 48810
297000 48870
298000 49066
299000 49151
300000 49260
301000 49470
302000 49605
303000 49621
304000 49773
305000 50087
306000 50132
307000 50403
308000 50414
309000 50667
310000 50673
311000 50795
312000 50888
313000 50921
314000 51103
315000 51294
316000 51265
317000 51381
318000 51738
319000 51751
320000 51797
321000 51927
322000 51917
323000 51982
324000 52242
325000 52317
326000 52448
327000 52564
328000 52733
329000 52597
330000 52773
331000 52889
332000 52881
333000 53030
334000 53147
335000 53035
336000 53250
337000 53451
338000 53516
339000 53557
340000 53597
341000 53656
342000 53704
343000 53971
344000 53989
345000 54059
346000 54207
347000 54279
348000 54209
349000 54416
350000 54491
351000 54441
352000 54606
353000 54804
354000 54697
355000 54801
356000 54943
357000 54969
358000 54966
359000 55049
360000 55009
361000 55137
362000 55417
363000 55383
364000 55488
365000 55645
366000 55659
367000 55610
368000 55837
369000 55893
370000 55885
371000 56015
372000 56183
373000 56079
374000 56268
375000 56342
376000 56356
377000 56390
378000 56479
379000 56503
380000 56569
381000 56764
382000 56804
383000 56976
384000 57041
385000 57122
386000 57053
387000 57190
388000 57253
389000 57293
390000 57422
391000 57470
392000 57478
393000 57566
394000 57680
395000 57802
396000 57765
397000 57834
398000 57843
399000 57966
400000 58100
401000 58166
402000 58304
403000 58382
404000 58509
405000 58403
406000 58567
407000 58597
408000 58639
409000 58757
410000 58837
411000 58867
412000 58907
413000 59041
414000 59113
415000 59065
416000 59268
417000 59229
418000 59244
419000 59448
420000 59583
421000 59641
422000 59699
423000 59792
424000 59742
425000 59917
426000 59982
427000 59916
428000 60101
429000 60169
430000 60141
431000 60226
432000 60388
433000 60340
434000 60426
435000 60506
436000 60486
437000 60573
438000 60866
439000 60798
440000 60933
441000 61056
442000 61094
443000 61050
444000 61194
445000 61228
446000 61256
447000 61377
448000 61453
449000 61408
450000 61529
451000 61629
452000 61674
453000 61691
454000 61764
455000 61779
456000 61808
457000 62010
458000 62065
459000 62214
460000 62252
461000 62317
462000 62321
463000 62459
464000 62472
465000 62473
466000 62583
467000 62735
468000 62679
469000 62813
470000 62887
471000 62929
472000 62905
473000 62953
474000 63034
475000 63028
476000 63274
477000 63300
478000 63426
479000 63505
480000 63655
481000 63496
482000 63682
483000 63663
484000 63700
485000 63881
486000 63910
487000 63971
488000 63993
489000 64134
490000 64184
491000 64145
492000 64204
493000 64274
494000 64323
495000 64537
496000 64543
497000 64674
498000 64729
499000 64810
500000 64663
501000 64830
502000 64911
503000 64862
504000 65030
505000 65179
506000 65073
507000 65197
508000 65340
509000 65371
510000 65375
511000 65425
512000 65458
513000 65489
514000 65707
515000 65713
516000 65820
517000 65916
518000 66044
519000 65908
520000 66140
521000 66165
522000 66126
523000 66230
524000 66339
525000 66277
526000 66372
527000 66460
528000 66566
529000 66546
530000 66708
531000 66605
532000 66714
533000 66899
534000 66880
535000 67048
536000 67175
537000 67149
538000 67149
539000 67283
540000 67195
541000 67225
542000 67386
543000 67466
544000 67461
545000 67506
546000 67606
547000 67699
548000 67711
549000 67768
550000 67741
551000 67820
552000 68059
553000 67998
554000 68116
555000 68223
556000 68266
557000 68225
558000 68357
559000 68349
560000 68415
561000 68534
562000 68591
563000 68556
564000 68666
565000 68669
566000 68864
567000 68882
568000 69109
569000 68874
570000 68932
571000 69161
572000 69151
573000 69227
574000 69370
575000 69425
576000 69354
577000 69441
578000 69454
579000 69469
580000 69580
581000 69698
582000 69652
583000 69781
584000 69895
585000 69929
586000 69881
587000 69942
588000 70010
589000 70048
590000 70215
591000 70213
592000 70370
593000 70459
594000 70491
595000 70388
596000 70528
597000 70526
598000 70626
599000 70697
600000 70820
601000 70742
602000 70854
603000 70880
604000 70967
605000 71007
606000 71036
607000 70978
608000 71124
609000 71320
610000 71296
611000 71449
612000 71463
613000 71551
614000 71491
615000 71618
616000 71582
617000 71706
618000 71744
619000 71868
620000 71811
621000 71903
622000 71939
623000 72031
624000 72062
625000 71990
626000 72036
627000 72136
628000 72341
629000 72307
630000 72445
631000 72438
632000 72557
633000 72536
634000 72593
635000 72623
636000 72660
637000 72695
638000 72895
639000 72870
640000 72958
641000 72959
642000 73025
643000 73056
644000 73109
645000 73058
646000 73215
647000 73383
648000 73280
649000 73423
650000 73477
651000 73642
652000 73488
653000 73669
654000 73748
655000 73613
656000 74003
657000 73935
658000 73865
659000 73888
660000 73949
661000 74103
662000 74052
663000 74163
664000 74202
665000 74198
666000 74414
667000 74723
668000 74469
669000 74501
670000 74741
671000 74659
672000 74860
673000 74830
674000 74792
675000 75042
676000 75056
677000 75024
678000 75152
679000 75236
680000 75376
681000 75298
682000 75455
683000 75363
684000 75513
685000 75791
686000 75685
687000 75803
688000 75899
689000 76041
690000 75905
691000 76188
692000 76192
693000 76203
694000 76535
695000 76471
696000 76426
697000 76646
698000 76573
699000 76868
700000 76888
701000 77021
702000 77042
703000 77211
704000 77396
705000 77292
706000 77537
707000 77610
708000 77766
709000 77881
710000 78526
711000 78303
712000 78508
713000 78365
714000 78560
715000 78579
716000 78721
717000 78761
718000 78851
719000 78808
720000 78874
721000 79057
722000 79124
723000 79436
724000 79522
725000 79551
726000 79824
727000 80063
728000 80033
729000 80102
730000 80128
731000 80120
732000 80546
733000 80728
734000 80493
735000 80803
736000 80756
737000 80801
738000 81135
739000 81091
740000 81146
741000 81290
742000 81457
743000 81656
744000 81836
745000 81883
746000 81901
747000 81954
748000 82025
749000 82161
750000 82104
751000 82522
752000 82611
753000 82280
754000 82632
755000 82780
756000 82797
757000 82754
758000 82839
759000 82856
760000 82856
761000 83166
762000 83165
763000 83468
764000 83344
765000 83576
766000 83457
767000 83697
768000 83600
769000 83719
770000 83926
771000 83871
772000 83897
773000 84096
774000 84111
775000 84184
776000 84277
777000 84304
778000 84269
779000 84437
780000 84565
781000 84617
782000 84612
783000 84817
784000 84747
785000 84621
786000 84920
787000 84884
788000 84969
789000 84883
790000 85162
791000 85047
792000 85034
793000 85123
794000 85379
795000 85336
796000 85201
797000 85313
798000 85374
799000 85629
800000 85561
801000 85670
802000 85708
803000 85737
804000 85674
805000 85878
806000 85786
807000 85741
808000 85992
809000 86135
810000 85869
811000 86003
812000 86083
813000 86229
814000 86150
815000 86256
816000 86245
817000 86193
818000 86534
819000 86395
820000 86499
821000 86671
822000 86611
823000 86558
824000 86672
825000 86780
826000 86584
827000 86730
828000 87002
829000 86794
830000 86900
831000 86958
832000 87019
833000 87057
834000 87127
835000 87092
836000 86989
837000 87351
838000 87219
839000 87349
840000 87415
841000 87437
842000 87334
843000 87479
844000 87513
845000 87507
846000 87739
847000 87761
848000 87574
849000 87624
850000 87840
851000 87920
852000 87847
853000 87838
854000 87769
855000 87891
856000 88109
857000 88053
858000 88122
859000 88111
860000 88233
861000 88226
862000 88303
863000 88241
864000 88329
865000 88486
866000 88599
867000 88495
868000 88517
869000 88595
870000 88707
871000 88754
872000 88721
873000 88749
874000 88706
875000 89004
876000 88899
877000 88962
878000 89073
879000 89123
880000 88980
881000 89121
882000 89162
883000 89129
884000 89267
885000 89376
886000 89387
887000 89335
888000 89462
889000 89544
890000 89403
891000 89443
892000 89523
893000 89400
894000 89769
895000 89724
896000 89768
897000 89801
898000 89876
899000 89733
900000 89865
901000 89850
902000 89835
903000 90041
904000 90153
905000 89915
906000 90053
907000 90206
908000 90162
909000 90151
910000 90210
911000 90159
912000 90202
913000 90482
914000 90323
915000 90472
916000 90497
917000 90548
918000 90417
919000 90577
920000 90581
921000 90523
922000 90740
923000 90737
924000 90864
925000 90731
926000 90838
927000 90922
928000 90898
929000 90933
930000 90894
931000 90898
932000 91150
933000 91061
934000 91213
935000 91210
936000 91224
937000 91148
938000 91371
939000 91263
940000 91351
941000 91412
942000 91527
943000 91405
944000 91756
945000 91700
946000 92204
947000 95312
948000 91696
949000 91702
950000 91729
951000 92015
952000 92015
953000 91991
954000 92110
955000 92101
956000 91958
957000 92036
958000 92114
959000 91996
960000 92125
961000 92264
962000 92130
963000 92179
964000 92277
965000 92318
966000 92234
967000 92230
968000 92346
969000 92421
970000 92551
971000 92509
972000 92667
973000 92629
974000 92801
975000 92566
976000 92713
977000 92763
978000 92744
979000 92849
980000 92921
981000 92758
982000 92871
983000 93062
984000 93055
985000 92982
986000 93098
987000 92986
988000 93002
989000 93250
990000 93189
991000 93365
992000 93379
993000 93403
994000 93261
995000 93383
996000 93397
997000 93327
998000 93531
999000 93608
1000000 93528
